X,Y,D
3.98631e-05,0.000274039,6.21807e-05
0.000387186,0.000920821,6.40479e-05
0.000205672,0.000137836,5.18408e-05
0.000553952,0.00115703,4.16137e-05
0.000747687,0.000680205,5.58961e-05
0.000433204,0.00140152,5.19867e-05
6.60381e-05,0.00014818,3.89739e-05
0.000440992,0.00114389,3.68177e-05
4.56869e-05,0.000680066,4.71403e-05
9.04758e-05,0.000734987,5.4229e-05
0.00055994,0.00101143,3.75354e-05
0.000744463,0.00142602,4.18427e-05
0.000438893,0.000210247,6.67328e-05
0.000535061,0.000732591,4.93939e-05
0.000570859,0.00152944,5.83789e-05
0.000617059,0.000485074,5.3091e-05
7.58013e-05,0.00124856,4.71965e-05
0.000288424,0.00108181,5.39665e-05
0.000612676,0.00165955,4.29386e-05
0.000316523,0.000460227,4.54387e-05
0.000783928,0.00122693,4.60266e-05
0.000610363,0.00111225,5.64888e-05
9.49011e-05,0.0010802,6.53324e-05
0.000709833,0.000501608,4.61484e-05
0.000370345,0.00129759,5.95015e-05
0.000401637,0.000445292,3.06135e-05
0.00024804,0.000641135,5.83751e-05
0.000165951,0.000846266,5.15554e-05
0.000719639,0.00152764,3.72892e-05
8.57216e-05,0.0015203,6.59789e-05
0.000281456,0.00165247,5.37111e-05
0.000413939,0.000491025,4.018e-05
0.000108568,0.0015898,4.82836e-05
9.57063e-05,0.00086914,4.35537e-05
0.000731878,0.000915953,5.03952e-05
0.000391575,0.00157886,4.41277e-05
0.000623122,0.00139644,3.2067e-05
0.000134795,8.75787e-05,4.7321e-05
0.000561215,0.00146161,5.53907e-05
0.000516601,0.00124879,4.66507e-05
0.00071276,0.00043791,5.8517e-05
0.000428552,0.00101488,4.14056e-05
0.000680507,0.000726274,5.82569e-05
0.000174902,0.000309797,6.07749e-05
0.000472763,0.00135548,5.31113e-05
6.48883e-05,0.000923533,6.59053e-05
0.000606528,0.000955989,4.53961e-05
0.0007144,0.00106926,5.74225e-05
0.000677522,0.000319545,3.71605e-05
0.000200971,0.00121411,4.50129e-05
0.000138628,0.000208676,4.52248e-05
0.000247799,6.68354e-05,5.52962e-05
0.000353596,0.000105325,3.75805e-05
0.000221538,0.000353604,4.65091e-05
0.000280325,0.00149183,3.6711e-05
0.000533652,0.00030434,5.36469e-05
0.000333476,0.000867583,5.63961e-05
0.000151582,0.00100854,5.52591e-05
0.0006802,0.00101326,4.31994e-05
0.000763375,0.000958508,4.33095e-05
0.00015205,0.00164709,5.59492e-05
0.00034941,0.000290613,3.94508e-05
0.000467647,0.000468428,5.33161e-05
0.000409802,0.000810017,4.49129e-05
0.000767681,0.000265162,4.396e-05
0.00019113,0.00057663,5.34071e-05
0.000533042,0.00106407,3.6012e-05
0.000400652,0.000689574,4.82451e-05
0.000710546,0.000210584,6.62844e-05
0.000142174,0.00132444,5.90412e-05
0.000384655,0.000625433,5.30373e-05
0.000382378,0.00136602,2.99239e-05
0.000745401,0.00111245,3.27423e-05
0.000202862,0.0011575,5.17004e-05
0.000691774,0.000821675,5.79379e-05
0.000658985,0.00128042,5.02693e-05
0.000664389,0.00117264,4.56693e-05
0.000258952,0.00092833,5.41308e-05
0.000353395,0.000991667,4.2534e-05
0.000581803,0.00135276,5.10526e-05
0.000574906,0.00125765,5.12239e-05
0.000556363,0.000383682,5.02025e-05
0.000145268,0.00078796,5.47768e-05
0.000789087,0.000409438,5.43264e-05
0.000377624,0.000570961,3.94134e-05
0.000429601,0.00148298,3.7303e-05
0.000650722,0.000650635,5.51945e-05
0.00050661,6.29592e-05,6.28467e-05
4.05228e-05,0.00130864,5.53633e-05
0.000590658,0.000576514,5.93172e-05
0.000356193,0.00116218,5.62923e-05
0.000201573,0.00019267,5.42146e-05
0.000334307,0.00159688,4.87764e-05
0.000254953,0.00131431,5.17957e-05
4.84268e-05,0.00037122,7.22628e-05
0.000173806,0.00139731,5.59469e-05
0.000234607,0.000438562,3.00273e-05
0.000116826,0.00041569,4.54284e-05
0.000519545,0.000152982,6.27652e-05
0.000281263,0.00119013,4.88025e-05
0.000485133,0.000593422,4.83176e-05
0.000691294,0.00137298,6.70829e-05
0.000461541,0.00125326,3.50346e-05
0.000279165,0.000280156,5.44225e-05
0.000440119,0.000562911,3.6232e-05
0.000485231,0.000897151,3.26988e-05
0.000366132,0.000479255,3.71941e-05
0.000320224,0.000695544,5.56804e-05
0.000333556,0.00051222,3.90055e-05
9.91248e-05,0.000658024,3.19616e-05
0.000551962,0.000890465,5.08488e-05
0.000755305,0.000804644,5.85723e-05
0.000751829,0.000580355,4.42002e-05
0.000498499,0.00165224,5.77562e-05
0.000153748,0.0011422,4.79251e-05
5.1179e-05,0.000504026,6.14429e-05
0.000526776,0.000942372,5.48397e-05
0.00077449,0.000459734,5.01696e-05
0.000610747,0.00033794,6.00178e-05
4.30786e-05,0.000861054,5.54949e-05
0.000100377,0.000324887,5.17275e-05
0.000723914,0.00132418,3.60312e-05
0.000605307,0.000765518,3.96388e-05
4.46596e-05,0.00100468,4.27907e-05
0.000451838,0.000690247,3.32017e-05
0.000203299,0.00068386,4.44053e-05
0.00051457,0.00112439,5.08374e-05
0.000252116,0.00137728,6.13178e-05
0.00062742,0.000417744,3.67061e-05
0.00016123,0.00122871,3.56244e-05
0.000264788,0.000143571,5.56699e-05
0.000153686,0.000522939,5.94092e-05
4.11123e-05,0.00144218,7.26648e-05
0.00059946,0.00115708,2.83621e-05
0.000445964,0.000119367,4.55582e-05
0.000182436,0.000628326,4.00505e-05
0.000504926,0.00104147,3.42862e-05
0.00067454,0.00163249,4.83236e-05
0.000543833,0.000249913,5.52243e-05
0.000366935,0.000195001,5.62201e-05
0.000560426,0.000667,5.87848e-05
0.000673104,0.000261303,5.00738e-05
0.000776958,0.000109772,3.74298e-05
0.000622541,0.00156766,3.43081e-05
0.000622296,0.000867928,5.62085e-05
0.000207723,0.000968915,4.11162e-05
0.000433021,0.00130637,6.35647e-05
0.000289047,0.000780839,4.83139e-05
0.000751498,0.00161734,5.72734e-05
0.000133646,0.000910457,4.92717e-05
0.000119512,0.00141862,4.67209e-05
0.000314058,0.000931682,4.93884e-05
0.000756283,0.000337902,4.41544e-05
0.00067169,0.00123303,4.32778e-05
0.000620745,0.000161511,6.24272e-05
0.00010725,0.0011899,3.42121e-05
0.000326388,0.000385439,5.59181e-05
0.000216008,0.000764987,4.85515e-05
0.000395402,0.00145023,3.78696e-05
0.000446162,0.000756157,6.42343e-05
0.000345483,0.00165357,4.01315e-05
0.000696813,0.000564308,4.29711e-05
0.000524159,0.000816536,5.75986e-05
0.000745583,0.00117553,5.95481e-05
0.000657353,0.000934954,2.96401e-05
0.000473635,0.000318656,5.02076e-05
0.000688757,0.000895256,4.37362e-05
0.000568791,9.87529e-05,4.96306e-05
0.000146415,0.00154684,4.7562e-05
5.98038e-05,0.0011761,4.74781e-05
0.000617169,0.00121248,5.11884e-05
9.84137e-05,0.00101277,4.76514e-05
0.000669355,0.00154381,4.95036e-05
0.000433143,0.000853197,3.82811e-05
0.000442299,0.00118808,4.94449e-05
0.000455407,0.00104651,3.75719e-05
6.64072e-05,0.000457169,3.43481e-05
0.000502642,0.00156963,4.80467e-05
0.0003008,0.000540867,4.30825e-05
0.000777717,0.00145575,4.5381e-05
0.000328086,0.00148653,5.4384e-05
0.000361047,0.000726544,4.40603e-05
0.000533073,0.000559024,4.66784e-05
8.54022e-05,0.00137484,6.31087e-05
0.000751608,0.000739101,4.58616e-05
0.000655566,0.00147765,3.42261e-05
0.000718782,0.001478,5.76254e-05
0.000778878,0.00107557,5.85136e-05
0.000418241,0.0012561,3.76499e-05
0.000403187,0.00109216,7.0151e-05
0.000239882,0.000531092,7.00184e-05
0.000258451,0.000731883,5.40057e-05
0.000322597,0.000142669,4.93943e-05
0.00035985,0.00141535,4.98388e-05
0.000486216,0.000656893,2.11559e-05
0.000526812,0.000625441,3.81055e-05
0.000249374,0.00159623,6.40329e-05
0.000491747,0.000265166,3.60817e-05
0.000226887,0.0014914,4.74197e-05
0.00051183,0.00141395,3.82075e-05
6.42943e-05,0.000628445,5.4279e-05
0.000719328,0.00166178,4.42889e-05
0.00047101,0.00150591,4.12351e-05
0.000401046,0.000266865,6.37313e-05
0.000546409,0.000509469,4.50658e-05
0.000682562,9.83609e-05,6.41558e-05
0.000167921,0.000422599,5.37688e-05
9.52781e-05,0.00167196,4.78351e-05
0.000607951,0.00025902,3.89045e-05
0.000241512,0.000839063,4.37886e-05
0.000337812,0.00123873,6.18154e-05
0.000138008,0.000615601,4.0909e-05
0.0005578,0.000193098,4.62865e-05
0.000486435,0.000420734,4.88773e-05
0.000197183,0.00109743,5.83421e-05
0.000314444,0.000224504,4.5357e-05
0.000774651,0.00137301,6.87642e-05
0.000394425,0.000374138,5.33958e-05
8.23672e-05,0.000798489,4.496e-05
0.000768306,0.001674,5.41907e-05
0.000304743,0.00134609,5.80496e-05
0.000680767,0.000368696,4.12435e-05
0.000708048,0.00112741,1.97346e-05
0.000464795,0.00161571,2.9784e-05
0.000749138,0.0010019,3.06559e-05
0.000772181,6.97019e-05,3.92036e-05
4.11175e-05,0.00162999,5.54073e-05
0.000763455,0.000625022,3.5495e-05
0.000128037,0.000129519,2.72651e-05
0.000684799,0.00114279,2.47793e-05
0.000777635,0.000148648,3.286e-05
0.000468246,0.000955546,5.81972e-05
0.000715469,0.000626103,5.85545e-05
0.000783639,0.000547564,4.56378e-05
0.000189395,0.0013404,3.24099e-05
0.0002631,0.00100822,4.62703e-05
0.000399053,0.00151061,3.30276e-05
0.000391263,6.20631e-05,4.61546e-05
4.37811e-05,0.000201942,4.18678e-05
0.000229674,0.00127488,3.777e-05
0.000776773,0.00154252,4.16875e-05
0.000493304,0.00117584,2.84136e-05
0.000441923,0.000627761,5.19859e-05
0.000409195,0.00163951,5.57881e-05
0.000164842,0.00147875,4.7601e-05
0.000349695,0.000808694,4.20774e-05
0.000660901,0.000527399,5.81754e-05
0.000573969,0.00158772,4.02664e-05
0.000530482,0.0013481,4.6639e-05
0.000210829,0.00088424,4.6675e-05
0.000451604,0.000371335,3.72898e-05
0.000282752,0.00126634,4.68369e-05
0.000782973,0.000911558,4.14548e-05
0.000491669,0.000707466,2.44371e-05
0.000327702,0.000627897,3.61714e-05
0.000793609,0.000991206,2.78265e-05
0.000305739,0.00154441,4.74621e-05
0.000131072,0.000701365,4.72017e-05
0.000136154,0.000361461,4.28801e-05
0.000217153,0.00142768,4.85882e-05
0.000625383,6.40972e-05,3.60362e-05
0.000794159,0.00129952,4.94315e-05
0.000167027,0.000665552,3.56578e-05
0.000600042,0.00102812,3.13686e-05
0.000221446,0.000280183,3.8554e-05
0.000249358,0.00105004,4.12587e-05
0.000190626,0.000245279,4.88781e-05
0.000793703,0.00113318,5.35024e-05
0.000458485,0.00155159,4.56208e-05
0.000317819,6.41832e-05,4.10109e-05
0.000617153,0.000617438,3.47525e-05
0.000654168,0.00142954,4.75507e-05
0.000292354,0.00144027,5.41703e-05
7.77959e-05,6.52035e-05,4.76051e-05
0.000101511,0.000589267,4.76209e-05
0.000710792,0.000969117,5.8566e-05
0.000733393,0.000294853,3.34186e-05
0.000558122,0.000443803,3.93901e-05
0.000516861,0.000861126,2.79705e-05
0.00079174,0.000202837,3.08098e-05
0.000416735,0.000592364,3.34763e-05
0.000248775,0.00112119,3.29166e-05
0.000656501,0.00108197,3.62697e-05
0.000714225,0.00125819,5.46339e-05
0.000310636,0.00100773,4.67262e-05
0.000336352,0.000577049,4.08606e-05
0.000146827,0.000162757,4.62562e-05
0.000625671,0.000721182,4.85732e-05
0.000497213,0.000769931,3.65023e-05
0.000146357,0.001093,3.2241e-05
0.000275253,0.000583695,4.0302e-05
0.000160375,0.00126651,2.64767e-05
0.000656763,0.000777886,3.06014e-05
0.000146128,0.000958376,3.3128e-05
0.000486347,0.000521554,5.37798e-05
0.000277952,0.000410689,4.99752e-05
0.000417133,0.000322966,4.63264e-05
0.000250318,0.00153435,3.88191e-05
0.000624958,0.00099414,2.89825e-05
0.000506464,0.00128732,2.53654e-05
0.000283641,0.00084121,3.9643e-05
0.000719821,0.00157013,4.648e-05
0.00039978,0.00012951,3.70217e-05
0.000183094,0.00159805,3.96272e-05
0.000797114,0.000647465,3.973e-05
0.000215627,0.00165347,6.13334e-05
0.000792993,0.00149922,3.73168e-05
0.000279302,0.000358785,3.6234e-05
0.000302592,0.000176543,2.75749e-05
0.000408883,0.000161933,2.92714e-05
0.00026087,0.000217775,5.89976e-05
0.000517734,0.00148483,3.87567e-05
0.000647701,0.000582045,4.84912e-05
0.000197346,0.000479193,5.75234e-05
0.000335375,0.00110823,4.29271e-05
0.000694098,0.000157478,4.01254e-05
0.000636697,0.000219321,5.26241e-05
5.96519e-05,0.000576938,3.10149e-05
0.000695329,0.000668423,3.48197e-05
0.000549498,0.00140513,3.12043e-05
0.000116314,0.00146583,3.79828e-05
8.36128e-05,0.000224851,4.46981e-05
0.000729029,0.000544707,2.90412e-05
0.000634249,0.0013204,4.19271e-05
0.000271567,0.000883742,3.54398e-05
0.000105963,0.000276202,3.64208e-05
0.000196159,0.00153368,5.17782e-05
0.000100068,0.000540486,4.02213e-05
0.000632484,0.00102789,2.85689e-05
0.00061934,0.00149882,4.7179e-05
0.000477126,0.00108179,4.18164e-05
4.00217e-05,0.00111389,5.36186e-05
0.00035628,0.00103811,4.57961e-05
0.000584573,0.000510176,2.68504e-05
0.000104257,0.000487035,4.88272e-05
0.000253992,0.000802605,3.13537e-05
0.00058323,0.000814364,3.44641e-05
0.000429643,0.00135966,3.1896e-05
0.000429575,0.000526886,3.48361e-05
0.000493777,0.000360208,4.16346e-05
0.000572513,0.00108107,3.07398e-05
0.000440746,0.000419575,2.71678e-05
0.000437219,0.00158514,3.0879e-05
0.000785495,0.000866967,4.58266e-05
0.000355449,0.000337967,5.24319e-05
0.000617196,0.000538926,3.12271e-05
0.000388862,0.00122048,4.49233e-05
4.11015e-05,0.00105718,3.87243e-05
0.000287435,0.00113947,3.97925e-05
0.000743263,0.000382649,4.46655e-05
0.000542241,0.00130321,3.0695e-05
0.000575863,0.00162992,3.81157e-05
0.000361971,0.00154097,4.55278e-05
0.000470243,0.00144944,5.89186e-05
0.000382631,0.000773705,4.29329e-05
0.000134354,0.000453013,3.19654e-05
0.000750296,0.000516981,3.80418e-05
0.000204744,0.000808174,2.97711e-05
0.000634708,0.00160777,3.12985e-05
0.000467431,0.000822068,4.83086e-05
0.000440196,7.10552e-05,4.21135e-05
0.000552569,0.00167202,2.45121e-05
0.000795293,0.00158518,4.06209e-05
0.000387635,0.000865654,3.46559e-05
0.000179221,6.33889e-05,4.4097e-05
0.000285492,0.000972255,3.44857e-05
0.000245173,0.00122957,4.09788e-05
0.000603159,0.00129562,3.59086e-05
0.00010049,0.00114625,4.5594e-05
0.000618021,0.00105887,3.9078e-05
0.000451196,0.000281162,3.09712e-05
0.000646478,0.000374706,2.50248e-05
0.000580298,0.000724234,3.6073e-05
0.0006542,0.000972283,3.5952e-05
0.000441931,0.000899297,4.67774e-05
0.000360704,0.00134401,3.03567e-05
0.000193763,0.00125623,2.89584e-05
0.000122887,0.00125141,3.51966e-05
0.000534139,0.00161323,4.39276e-05
0.000315104,0.00129575,4.0323e-05
0.000793198,0.000768387,4.46744e-05
9.54478e-05,0.00129501,4.90997e-05
0.000735821,0.00012437,3.39228e-05
0.000376497,0.00052248,4.87909e-05
0.000693575,0.000768224,2.5838e-05
0.000796158,0.000301513,3.39856e-05
0.000265428,0.000473756,2.81061e-05
0.000655962,0.00113071,3.76141e-05
0.00070315,0.00160544,2.53795e-05
0.000786161,0.000502494,3.8212e-05
0.000729534,0.000862306,5.11419e-05
0.000506727,0.000996988,4.22718e-05
0.00060501,0.00143195,4.44344e-05
0.000176806,0.000722569,2.63436e-05
0.00055125,0.00120501,4.6671e-05
0.000515047,0.000457319,3.15286e-05
0.000234431,0.000589888,3.54131e-05
0.000564349,0.000760552,2.87259e-05
0.000198049,0.00146221,2.5278e-05
0.000791087,0.00102082,3.07341e-05
0.000309664,9.93007e-05,2.99303e-05
0.000602094,0.000294256,2.82066e-05
5.238e-05,0.00156099,3.75896e-05
0.000202633,0.00103967,3.24831e-05
0.000718027,0.000257516,1.9578e-05
8.86535e-05,0.00163016,3.24812e-05
0.000214465,0.000397552,4.00789e-05
4.40035e-05,0.000100422,4.46936e-05
4.5193e-05,0.00074177,3.2763e-05
0.000732936,8.25574e-05,3.76835e-05
0.000103324,0.000964953,4.69416e-05
4.33469e-05,0.000787615,2.47492e-05
0.000744744,0.000174211,3.19557e-05
0.000657745,0.000450035,3.7818e-05
0.000145974,0.000263323,3.81065e-05
0.000354776,0.000438423,3.64966e-05
0.000795539,0.000701852,4.62035e-05
0.000495846,0.000215757,4.36044e-05
0.000176751,0.000365081,3.26008e-05
0.000625449,0.000811107,4.73521e-05
0.000251196,0.000689117,1.8052e-05
0.000424556,0.00152501,2.34036e-05
0.000211878,0.00132245,2.42169e-05
0.000462367,0.000162686,3.88453e-05
0.000321893,0.000745009,3.37061e-05
0.000796881,0.000358819,4.00159e-05
0.000614525,0.000110962,3.85702e-05
0.00064125,0.000297452,3.78287e-05
0.000203373,9.46334e-05,2.99037e-05
0.000102761,0.000185631,3.81732e-05
0.000221196,0.00100391,3.20343e-05
0.000605664,0.000657495,2.95126e-05
8.84308e-05,0.000112037,3.09716e-05
0.00036711,0.00161302,2.09339e-05
0.000360685,0.000662534,3.29895e-05
0.000571158,0.000963703,2.51305e-05
0.000403003,0.00097397,4.34476e-05
0.000251794,0.00114892,2.22681e-05
0.000521881,0.0015247,3.77971e-05
0.00044772,0.00165844,2.58807e-05
0.000312959,0.000312307,3.72494e-05
0.000185383,0.00129039,3.48425e-05
5.65018e-05,0.000719472,8.06911e-06
0.000665854,0.000407135,3.33151e-05
4.75169e-05,0.00167274,3.07204e-05
0.000592095,0.000412323,3.31425e-05
0.000174694,0.000926268,2.922e-05
0.000252852,0.000319651,1.86521e-05
0.000207986,0.000723405,3.31082e-05
0.000161499,0.00118681,3.24192e-05
0.000492002,0.00131407,2.51851e-05
0.000146461,0.0015842,2.59621e-05
0.000716227,0.0003309,3.69453e-05
0.000539511,0.00034769,1.82492e-05
0.000601706,0.000906737,3.10285e-05
0.000750767,0.00128059,2.83797e-05
0.000418114,0.00155152,2.69345e-05
0.00021403,0.0009302,3.29035e-05
0.000121118,0.000833358,4.00046e-05
0.000573344,0.000155954,2.69946e-05
0.000732292,0.00122317,1.8323e-05
0.000795192,0.00118519,3.55586e-05
0.000133024,0.00122166,2.10907e-05
0.000702013,0.0012067,3.43462e-05
0.000299271,0.000655368,3.24642e-05
4.94416e-05,0.00121505,2.7194e-05
0.000155217,0.000475645,1.71522e-05
0.000492256,0.000734071,2.87213e-05
0.000405622,0.00115993,3.77495e-05
0.000162326,0.000117074,3.1701e-05
0.000723717,0.000725885,1.38769e-05
0.000321045,0.00104983,2.3088e-05
0.000163613,0.00105461,3.72961e-05
0.000622922,0.000683526,2.69169e-05
0.000251713,0.00145476,2.57916e-05
0.000672418,0.00150373,2.71395e-05
6.25311e-05,0.000417788,2.31513e-05
0.000794455,0.000610815,2.17154e-05
0.000548904,0.00110221,2.77198e-05
0.000314792,0.00139611,3.91882e-05
0.000481365,0.00121927,4.35367e-05
0.000638531,0.00136344,3.97994e-05
0.000355447,0.000249061,3.38696e-05
0.000448065,0.00111315,2.16242e-05
8.58336e-05,0.000688325,3.2434e-05
0.000477481,0.000865422,1.94129e-05
0.000597316,0.000206938,2.87879e-05
0.00029918,0.000612074,2.60746e-05
0.000289444,0.000502559,3.40221e-05
0.000419767,0.00105291,1.04528e-05
0.000702965,0.00142892,4.05806e-05
0.000604789,0.00160192,2.31624e-05
0.000165231,0.000883442,2.19411e-05
0.000106395,0.00121987,2.4493e-05
0.000628612,0.00115012,2.49614e-05
4.1246e-05,0.00138867,2.93269e-05
0.000387009,0.0010146,2.58192e-05
0.000190151,0.000992264,1.6729e-05
0.000679166,0.0011063,2.5174e-05
0.000500995,0.000678904,2.6761e-05
0.000568843,0.000324718,2.34992e-05
0.000369187,0.000152252,2.91306e-05
0.000102586,0.000371538,2.63379e-05
0.000143734,0.000744772,3.06316e-05
0.000370486,0.00149017,2.76546e-05
0.000674621,0.00131983,3.44133e-05
0.000529239,0.000403749,1.28595e-05
0.000344304,0.00137262,2.31475e-05
0.000488363,0.000111952,3.97216e-05
0.000674203,0.000861047,2.23789e-05
0.000796421,0.00164227,2.83172e-05
0.000539078,0.00098162,1.66973e-05
0.000400789,0.000738897,2.72713e-05
0.000706811,0.000392319,2.83236e-05
0.000127599,0.000561339,2.30296e-05
0.00067334,0.000612853,2.82214e-05
0.000657419,0.00166992,3.36879e-05
0.000299168,0.000198,1.57618e-05
0.000577592,0.00062834,2.43652e-05
0.000762453,0.000224469,2.83004e-05
0.000529684,0.00021296,1.82811e-05
0.000676805,0.000479804,2.79269e-05
6.71877e-05,0.000976185,2.51009e-05
0.000175816,0.000763303,1.66945e-05
0.000574089,0.00104161,2.17499e-05
0.000192675,0.0010134,2.12243e-05
0.000391618,0.00148522,1.47553e-05
0.000415247,0.000550196,1.40462e-05
0.000509973,0.00108614,2.19027e-05
0.000675349,0.00158571,2.23831e-05
0.000665082,0.00018374,3.67087e-05
0.000616765,0.00125437,3.23618e-05
0.000793469,0.000824642,2.70748e-05
0.000755852,0.00103252,3.17795e-05
0.000734795,0.00047825,2.05349e-05
0.000598658,0.00146991,1.98273e-05
0.000792958,0.000243693,2.00782e-05
0.000580543,0.00140373,2.95114e-05
0.000464463,0.00100625,3.04753e-05
0.000572273,0.000535195,2.78373e-05
0.000426491,0.00143882,2.35349e-05
0.000779288,0.00126228,2.37536e-05
0.000593662,6.38927e-05,1.7079e-05
0.000524304,0.00117504,2.72743e-05
0.000406604,0.000839513,1.24897e-05
0.000476677,0.00113686,2.65691e-05
0.000171135,0.0009537,1.65256e-05
0.000228695,0.000106255,2.55194e-05
0.000565027,0.000849174,3.31037e-05
0.000103154,0.0013287,1.90436e-05
0.000646583,0.000905954,2.75167e-05
0.000766764,0.00132308,2.18684e-05
0.000309572,0.00162673,2.11078e-05
0.000489034,0.00153533,2.17572e-05
0.000136264,0.00106562,2.06402e-05
0.000569478,0.000482932,2.40916e-05
0.000580034,0.000924704,2.46062e-05
0.00028318,0.000456402,1.92699e-05
0.000477898,0.00128122,2.71968e-05
0.000717917,0.0011438,-2.0414e-06
4.41964e-05,0.000552474,2.44022e-05
0.000532088,0.000776232,2.37539e-05
0.000278365,0.00069293,2.53011e-05
0.000287122,0.0012297,2.2512e-05
0.00010668,0.000146538,1.75076e-05
8.32573e-05,0.000403184,2.06804e-05
7.12445e-05,0.00103507,1.96033e-05
0.000496353,0.000630412,1.96732e-05
0.000235394,0.0011921,3.42032e-05
0.000727171,0.000148598,1.48586e-05
0.000313559,0.000822941,3.02531e-05
0.000753312,0.00042112,1.51183e-05
0.000207617,0.000430413,2.24538e-05
7.25636e-05,0.00147708,1.54024e-05
0.000312329,0.000343057,2.39791e-05
0.000218201,0.000234817,9.33765e-06
0.000655374,0.00104872,3.02039e-05
4.81689e-05,0.000817717,3.13996e-05
0.000294026,0.00160817,2.41368e-05
0.000716561,0.00101332,2.07083e-05
7.89543e-05,0.00121092,2.59765e-05
0.000447572,0.00122639,2.21587e-05
0.000730988,0.00129592,2.01406e-05
0.000654588,0.000335364,1.83991e-05
0.000605521,0.000382836,2.29706e-05
0.000547538,0.00059499,2.89432e-05
0.000240106,0.000484036,1.68154e-05
0.000533115,0.000428218,1.8576e-05
0.000320753,0.000263632,3.00803e-05
0.000311811,0.00116375,2.28701e-05
0.000752846,0.00150607,2.71383e-05
0.000720114,0.000763475,2.27212e-05
0.000278799,9.78698e-05,2.11271e-05
5.05881e-05,0.000319165,3.01407e-05
0.000364267,0.00145075,1.78361e-05
0.000466694,0.000244738,2.05925e-05
0.000546844,0.0015673,2.35244e-05
0.000344332,0.000771818,3.11212e-05
0.000133999,0.000653891,3.35673e-05
0.000241159,0.0010923,2.20441e-05
0.0001424,0.00136904,2.32507e-05
5.62778e-05,0.000764712,1.77781e-05
0.000209446,0.00136514,2.49342e-05
4.89086e-05,0.00149041,1.94155e-05
0.000796492,0.000953902,2.03532e-05
0.000690165,0.00129477,1.21355e-05
0.000555428,0.000787064,2.6791e-05
7.08095e-05,0.00159219,2.66859e-05
0.000252826,0.000973104,2.56125e-05
0.000530428,0.00102357,2.49468e-05
7.59839e-05,0.00133117,2.4511e-05
0.000699779,0.000292202,3.07848e-05
0.00072243,0.00140459,1.85626e-05
0.000340237,0.000957393,1.82774e-05
0.000212696,0.00156986,2.44455e-05
0.00012002,0.000241752,2.58296e-05
0.000380278,0.000414345,2.65799e-05
0.000514913,0.000484412,1.80476e-05
0.000430418,0.00167211,1.5363e-05
4.28267e-05,0.0015222,1.68466e-05
0.000525768,0.000343785,1.01806e-05
0.000792742,0.000586723,2.60156e-05
0.000573618,0.000290403,2.86604e-05
0.000233703,0.000313049,1.48572e-05
0.000710135,0.00162847,2.03127e-05
0.0003317,0.000189449,1.44182e-05
0.000592071,0.00118227,2.33328e-05
0.000658457,0.000136869,2.52234e-05
0.000622223,0.00146214,2.31606e-05
0.000412179,0.000415878,2.89764e-05
0.000519806,0.00144877,2.97212e-05
0.000595295,0.000455029,1.78747e-05
0.000475333,0.00139807,2.70795e-05
0.000522984,0.000688513,1.82552e-05
0.000396787,0.0010419,3.03294e-05
6.49273e-05,0.000707758,1.54309e-05
0.000765925,0.000306297,1.83655e-05
0.000430249,0.000456052,1.87536e-05
0.000137574,0.00120029,2.23695e-05
4.20002e-05,0.000968216,2.4254e-05
0.000574682,0.00130184,1.76092e-05
0.000183863,9.96554e-05,1.38177e-06
0.000694976,0.000928155,2.29336e-05
0.00039522,0.00140378,2.16e-05
0.00067503,0.00145709,1.05848e-05
0.000572785,0.00112166,2.01784e-05
0.000299999,0.000897475,2.00421e-05
7.90629e-05,0.000260416,1.62935e-05
0.000402743,0.00134674,2.48494e-05
0.000206232,0.00084845,2.3856e-05
0.000776018,0.00031932,7.23697e-06
0.000318931,0.00118955,2.61075e-05
0.00060154,0.00140383,9.9579e-06
0.000795424,0.00142518,2.22889e-05
0.000728457,0.00103163,1.66243e-05
0.000591165,0.000994109,3.31129e-05
0.000578707,0.000226653,1.59852e-05
0.000581189,0.000362954,1.26445e-05
0.000214246,0.000613122,1.90156e-05
0.000543287,0.00165048,2.09642e-05
0.000654938,0.00158268,1.74097e-05
0.000709991,0.00129599,2.13634e-05
0.000151254,0.00057719,1.924e-05
0.000413612,9.54113e-05,2.69297e-05
0.000154119,0.00151501,1.44303e-05
0.000320958,0.00113796,2.2808e-05
0.000220121,0.00124201,1.48191e-05
0.000380155,0.000834392,2.83985e-05
0.00052504,0.00010164,2.22765e-05
0.000505746,0.00138,2.15666e-05
0.000176137,0.000972034,1.96277e-05
0.000126666,0.0010422,2.29894e-05
0.00060134,0.000694576,2.07231e-05
0.000314104,0.000971244,2.21184e-05
0.000194959,0.000519034,1.55842e-05
8.13039e-05,0.00144742,5.94756e-06
0.000632633,0.00153479,2.60752e-05
8.3675e-05,0.000837234,2.41226e-05
0.00013123,0.00150639,2.8375e-05
0.000617238,0.000446145,2.15646e-05
0.000266528,0.00116102,1.29303e-05
0.000327117,0.000657042,1.87788e-05
0.000680381,0.00104863,1.62257e-05
0.000254641,0.00142618,2.36928e-05
0.000259029,0.000447753,2.11457e-05
0.000251547,0.000374075,2.56834e-05
0.000568499,0.000942407,1.70234e-05
0.000651458,0.00120623,1.64748e-05
0.000348593,7.2923e-05,2.1875e-05
4.03529e-05,6.51054e-05,2.58216e-05
0.000315746,0.00166461,1.74251e-05
0.000108811,0.000630164,2.40068e-05
0.000157857,0.00143773,2.79507e-05
0.000785206,0.000175403,2.2438e-05
0.000750731,0.0015794,1.765e-05
4.31792e-05,0.00123793,1.89984e-05
9.78573e-05,0.000448543,2.75584e-05
0.000182711,0.000799198,1.36709e-05
0.00063615,0.0016335,2.00251e-05
0.000302496,0.00157877,2.0977e-05
0.000680528,0.0014747,1.36372e-05
0.000388604,0.00167117,1.96465e-05
0.000121095,0.0016245,1.86958e-05
0.000762497,0.000195349,1.93018e-05
0.000479995,0.000556662,9.5426e-06
0.000620886,0.000372723,8.38604e-06
0.000548081,0.00070036,1.20814e-05
4.72827e-05,0.00135176,2.2932e-05
0.00070066,0.00116911,2.0581e-05
0.000334563,0.00107433,2.09088e-05
0.000513303,0.000903924,2.46963e-05
0.000611774,0.0016247,2.08373e-05
0.000136765,0.00127703,1.92033e-05
0.000471947,0.00116654,1.76115e-05
0.000286909,7.13208e-05,2.23349e-05
0.000175906,0.000745901,1.7785e-05
0.000407114,0.00137285,1.73609e-05
0.000135702,0.000299298,1.80053e-05
0.000565266,0.00132463,1.39435e-05
0.000620766,0.000923902,1.74558e-05
0.000206812,0.000642301,1.18158e-05
0.000596821,0.000230895,1.35915e-05
0.000751127,0.00125557,1.55839e-05
0.000721689,0.000710854,1.43111e-05
0.000330834,0.00144476,2.12855e-05
0.000308776,0.000583297,1.49171e-05
8.54936e-05,0.00142317,2.12099e-05
0.000179353,0.00156654,1.96084e-05
0.000345192,0.000911942,9.46281e-06
0.000149931,0.00160721,1.86783e-05
0.000388319,0.00113553,2.10148e-05
0.000367502,0.0011236,2.39214e-05
0.00052016,0.00121702,1.40167e-05
0.000381441,9.89247e-05,1.77563e-05
0.000510457,0.000658448,1.68768e-05
0.000687878,0.00167182,2.14753e-05
0.000429443,0.000660825,1.50083e-05
0.000546002,0.000472926,2.27727e-05
0.000255421,0.000340409,1.72012e-05
0.000512703,0.000399194,1.74731e-05
0.000490883,0.00160736,2.38935e-05
0.000551668,6.20037e-05,2.47637e-05
0.000690712,0.00151745,1.48612e-05
0.000433905,0.000711154,1.79387e-05
0.000363742,0.000394903,2.0578e-05
0.000342929,0.00054299,1.71408e-05
0.00015958,0.000229992,1.41434e-05
0.000240232,0.000178366,2.42668e-05
0.000655278,0.000842841,2.60087e-05
0.000488681,0.000182827,2.29271e-05
0.000703796,0.000537749,6.65207e-06
0.000280022,0.000323237,2.71085e-05
0.000559561,0.000337066,3.299e-06
0.000425261,0.000953174,1.14143e-05
6.8427e-05,0.000179494,1.89243e-05
0.000103093,0.000770663,1.64181e-05
0.00035903,0.00107429,2.26434e-05
0.000716149,0.000788592,2.38778e-05
3.99125e-05,0.000429745,2.45964e-05
0.000330423,0.0012754,1.02722e-05
0.00017649,0.000697478,1.37992e-05
0.000381943,0.000308152,2.53611e-05
0.000539225,0.001432,1.80106e-05
0.000491495,0.000927701,1.04556e-05
0.000797026,0.000734167,1.58467e-05
0.000396215,0.00154,2.02905e-05
0.00013405,0.000868867,2.36347e-05
0.000219981,0.00106351,2.14152e-05
4.45319e-05,0.00127114,1.75693e-05
0.000264877,0.000107233,1.13565e-05
0.000440388,0.000491138,1.25533e-05
0.000229075,0.000798837,1.81008e-05
0.000751396,0.0012181,1.73001e-05
0.000173771,0.000146118,1.39678e-05
0.000250102,0.000251982,1.10598e-05
0.000206741,0.00131331,-4.74158e-06
0.000447687,0.000504784,1.27158e-05
0.000639712,8.97248e-05,1.79325e-05
0.00022949,0.0011369,1.52555e-05
0.00046432,0.00071735,2.12291e-05
8.65435e-05,0.000293861,1.59299e-05
0.000308817,0.000427473,1.05972e-05
0.000581271,0.00167182,2.01277e-05
0.000720439,0.0011152,3.89104e-06
0.000136042,0.0011789,1.67608e-05
0.000424863,0.00122585,1.75301e-05
0.000296804,0.00104014,1.98952e-05
0.000475552,0.00118992,1.45204e-05
8.82435e-05,0.00147007,1.50075e-05
0.000581592,0.000247081,1.55355e-05
0.000408579,0.000564742,1.61717e-05
6.76712e-05,0.000543417,1.61117e-05
0.000469979,8.55318e-05,1.81203e-05
0.000432004,0.00039415,2.28054e-05
0.000747794,0.00130292,1.5438e-05
0.000455329,0.00148319,1.15299e-05
0.000659869,0.00068954,2.41479e-05
0.000128838,0.00138704,1.31604e-05
0.000468669,0.00158592,2.59297e-05
0.000555985,0.0013764,1.73751e-05
0.000565449,0.00142304,1.64414e-05
0.000586042,0.00149419,1.7653e-05
0.000387825,0.00118607,2.29655e-05
0.000177555,0.00010341,8.28671e-06
0.000464048,0.000663277,2.02292e-05
0.000750316,0.0012363,1.27417e-05
0.000252955,0.000774369,2.26729e-05
0.000652897,0.00110523,9.98097e-06
0.000636892,0.000756217,2.47848e-05
0.000642538,0.00124282,9.90078e-06
0.000536025,0.00138552,1.27204e-05
0.0002311,0.000704436,1.67698e-05
0.000759588,0.000887998,2.02544e-05
0.00070877,0.00114974,1.79405e-05
0.000280476,0.000442312,9.12322e-06
0.000141699,0.000470593,3.70126e-06
0.000662623,0.000875712,6.77683e-06
0.000433259,0.000150637,2.07513e-05
0.000623972,0.00117519,2.1808e-05
0.000342771,0.00132595,1.58562e-05
0.00041025,0.000718895,1.29743e-05
0.000520548,0.00059542,2.2453e-05
0.000496667,0.000559142,2.36019e-05
0.000704441,0.00102715,6.28872e-06
4.09947e-05,0.00045919,1.63364e-05
0.000509301,0.0011975,2.2673e-05
0.000517222,0.00088349,1.59124e-05
0.000385709,0.00125587,2.59489e-05
0.000756543,0.0015622,1.33239e-05
0.000736816,0.000252238,1.82686e-05
0.000598409,0.000637361,1.07446e-05
0.000202823,0.00139133,1.22687e-06
0.000245929,0.000874911,1.72128e-05
0.000585484,0.000882195,1.40799e-05
0.000594785,0.00156257,2.1988e-05
0.00044509,0.00107832,1.46158e-05
0.000273253,0.00155644,1.99496e-05
0.000232349,0.000254776,1.53966e-05
0.000524597,0.000361086,1.45273e-05
0.000602393,0.00132276,1.49078e-05
0.000746038,0.00133527,1.1377e-05
0.000756366,9.23759e-05,1.04084e-05
0.000485228,0.000793497,1.50356e-05
0.000218457,0.00134439,9.56648e-06
0.000268587,0.000670531,1.21727e-05
0.000649976,0.00139034,1.16554e-05
0.00015589,0.000384083,1.70829e-05
0.000449672,0.000586355,1.10954e-05
0.000287108,0.000748217,9.44036e-06
0.000580896,0.00114305,1.57305e-05
0.000684648,0.00059149,1.55887e-05
0.000575389,0.000792593,1.1443e-05
0.000685182,0.000342712,1.14552e-05
0.000120276,0.00135159,1.75342e-06
0.000678215,0.000954179,1.05473e-05
0.000230628,0.00155905,1.08316e-05
0.000539672,0.00127661,1.76423e-05
0.000283977,0.0015716,1.21682e-05
0.000738129,0.000493585,1.00763e-05
0.000315361,0.000797851,1.40947e-05
3.98599e-05,0.000159333,1.34313e-05
0.000297741,0.000730519,1.90166e-05
4.48562e-05,0.00158845,1.72108e-05
0.000122703,0.00111749,2.25456e-05
0.000517352,0.000704007,5.33171e-06
0.000729541,0.00113672,1.64082e-05
0.000113886,0.00164478,1.7632e-05
0.000439921,0.00151588,1.13596e-05
0.000759199,0.00147994,1.52384e-05
0.000405289,0.000530266,5.03127e-06
0.000351155,0.00146104,1.33945e-05
0.000395773,0.000221785,1.62682e-05
0.000413628,0.000655163,1.49153e-05
0.000138226,0.000331122,1.78967e-05
0.000360371,0.000692928,2.188e-05
0.000482802,0.00102648,1.55547e-05
0.000183855,0.0014413,2.31238e-05
0.000608527,0.00154194,1.95274e-05
0.000193157,0.000535595,1.76633e-05
0.000400954,0.000198894,1.09751e-05
0.000515206,0.00130938,1.89754e-05
0.00053725,8.70718e-05,1.16067e-05
0.000240734,0.000412132,1.91016e-05
0.000219447,0.00130009,1.17543e-05
0.000367729,0.00119714,1.7315e-05
0.000239528,0.000785588,8.47583e-06
0.000569204,0.000349264,1.91823e-05
0.000397794,0.00161012,5.74531e-06
0.00025712,0.00147652,1.45773e-05
0.00052279,0.000194412,1.85788e-05
0.000244922,0.00029603,1.80503e-05
0.000498329,0.000389124,1.67108e-05
0.000332112,0.000420065,1.08105e-05
0.000492484,0.000847643,1.97287e-05
0.000558249,0.000135598,2.00487e-05
0.000359634,0.000133855,1.21025e-05
0.000446244,0.000440498,1.59371e-05
0.000702145,0.00110674,2.0629e-05
0.000180371,0.000898093,1.86074e-05
8.01528e-05,0.000562142,1.80359e-05
0.000115844,0.00075805,1.36732e-05
0.000410142,0.00167398,1.09168e-05
0.000653859,6.69782e-05,1.77283e-05
0.000368489,0.000964157,1.73764e-05
0.000393977,0.000470029,5.98616e-06
0.000429135,0.000933209,1.80561e-05
0.000618928,0.00127926,6.51067e-06
0.000299007,0.000878194,1.28267e-05
0.000767267,0.0015814,1.14235e-05
7.25539e-05,0.00113024,1.65703e-05
0.000436211,0.00097828,1.91072e-05
0.000555469,0.000623683,1.86734e-05
4.10887e-05,0.000597522,2.14279e-05
0.000444655,0.00163557,1.27173e-05
0.000473027,0.00111537,1.55259e-05
0.000282297,0.00111332,9.79749e-06
0.000711586,0.000359216,1.96549e-05
0.000442949,0.000254704,2.04565e-05
0.00033417,0.00152496,1.77204e-05
0.000275389,0.000614876,1.66212e-05
0.000317728,0.00164573,1.42397e-05
0.000580221,0.00116819,1.11291e-05
0.000475987,0.000631438,9.77609e-06
0.000746149,0.000462006,3.86459e-06
0.000275603,0.000183773,1.21498e-05
0.00028424,0.00131455,5.74068e-06
0.000298845,0.00151254,1.67216e-05
0.000589879,0.000128805,2.20847e-05
0.000643583,0.00157551,9.24889e-06
0.00073135,0.00135279,1.50633e-05
9.14422e-05,0.00145517,1.38211e-05
0.000510264,0.000192152,6.09522e-06
8.10695e-05,0.0011186,1.10815e-05
0.000396482,0.00142253,1.26998e-05
0.000384314,0.0013385,1.38964e-05
0.000704974,0.000749947,5.90549e-06
0.000597021,0.000929036,7.73059e-06
0.000122614,0.00117045,1.4174e-05
0.000278299,0.00152194,1.87809e-05
0.000706369,0.00069384,2.00554e-05
0.000242358,0.000465749,1.91882e-05
0.000546874,0.0010368,1.66364e-05
0.000460684,0.00123019,3.22918e-06
0.000571368,0.000410186,6.05105e-06
0.000108823,0.00104233,1.14169e-05
0.000792598,0.000279527,7.48616e-06
0.000522435,0.000382447,1.62252e-05
0.00071362,0.000586588,1.17578e-05
0.000460674,0.000857246,1.12689e-05
0.000454894,0.00039862,1.07041e-05
0.00058367,0.00043485,1.30441e-05
0.000543695,0.00012536,9.81018e-06
9.55003e-05,0.00155949,1.19448e-05
5.4169e-05,0.00108197,1.45477e-05
0.000582925,0.00120914,9.77419e-06
0.000489162,0.00126349,1.055e-05
0.000371916,0.0010613,8.07329e-06
0.000348437,0.000950407,1.81396e-06
0.000225867,0.000455502,7.94285e-06
0.000534196,0.00041468,8.27515e-06
0.000415806,0.00120124,6.95186e-06
0.000376263,0.00023174,1.938e-05
0.000121047,0.00153313,5.28627e-06
0.000380639,0.000439131,1.01477e-05
0.000360271,0.000371449,1.24143e-05
0.000685386,0.00119191,5.58485e-06
0.000586415,0.000309291,1.1992e-05
0.000250727,0.0016709,1.61701e-05
0.00045341,0.00053396,1.12332e-05
0.000170439,0.000211072,1.71794e-05
0.000678012,0.000135541,8.84174e-06
0.00068429,0.000647989,7.78191e-06
0.000316696,0.000197261,7.7083e-06
0.000794348,0.00162344,9.19439e-06
0.000364639,0.000269481,-5.46022e-06
0.000263607,0.00141154,1.0151e-05
8.36184e-05,0.000427642,2.16563e-05
0.000613839,0.00136716,8.60033e-06
6.59218e-05,0.000823489,5.00808e-06
0.000162747,0.000694532,1.18633e-05
0.000356944,0.000599706,1.69822e-05
0.000478016,0.000676041,1.75071e-05
0.000686007,0.000853361,-2.05854e-06
0.000636401,0.00092358,1.07435e-05
0.000414267,0.000947372,7.90511e-06
0.000254084,0.000858755,2.68093e-06
0.000448467,0.000991364,9.30323e-06
0.000109246,6.38185e-05,1.40044e-05
0.000145932,0.000396349,1.3655e-05
0.00049654,0.000869631,1.11013e-05
0.000236069,0.00116214,1.07576e-05
7.20351e-05,0.000303504,1.03486e-05
0.000238165,0.000386895,1.12598e-05
0.000193724,0.00149375,8.72851e-06
0.000253417,0.00117119,1.7348e-05
8.44451e-05,0.000986611,9.18139e-06
0.000771125,0.000990691,1.52763e-05
0.000210354,0.00159604,1.35799e-05
0.000433931,0.00161217,1.7479e-05
0.00074038,0.000410389,9.03396e-06
